ATGCGATGTGAGATTA-1:0.9848864656647578;
(GAGATGGGTTCAGCGC-1:0.20512844221886578,CCGTAGGCAACCGCCA-1:0.20512844221886578):0.7797580227844433;
ACTGATGAGGTATTGA-1:0.9848864650033091;
GACTATGGTACGATCT-1:0.9848864650033091;
